68 0F 00 41 00 00 00 00 00 00 01 01 00 43 16.

68 13 00 81 00 00 00 00 00 00 00 01 00 FF FF 00 00 80 16.

68 0F 00 41 00 00 00 00 00 00 03 01 00 45 16.

68 18 00 81 00 00 00 00 00 00 03 01 00 4D 58 52 46 18 05 13 79 02 6D 16.

68 0F 00 4A 00 00 00 00 00 00 03 08 00 55 16.

68 15 00 81 00 00 00 00 00 00 03 08 00 00 44 13 03 13 20 19 16.

68 15 00 4A 00 00 00 00 00 00 05 01 00 43 60 05 02 64 00 5E 16.

68 13 00 81 00 00 00 00 00 00 00 01 00 FF FF 00 00 80 16.

68 0F 00 4A 00 00 00 00 00 00 03 08 00 55 16.

68 15 00 81 00 00 00 00 00 00 03 08 00 43 60 05 02 64 00 9A 16.

68 15 00 4A 00 00 00 00 00 00 05 20 00 43 31 10 14 11 13 2B 16.

68 13 00 81 00 00 00 00 00 00 00 01 00 FF FF 00 00 80 16.

68 10 00 4A 00 00 00 00 00 00 05 08 00 08 5F 16.

68 10 00 81 00 00 00 00 00 00 00 02 00 04 87 16.

68 10 00 4A 00 00 00 00 00 00 05 08 00 08 5F 16.

68 10 00 81 00 00 00 00 00 00 00 02 00 04 87 16.

68 10 00 4A 00 00 00 00 00 00 05 08 00 08 5F 16.

68 10 00 81 00 00 00 00 00 00 00 02 00 04 87 16.

68 0F 00 4A 00 00 00 00 00 00 10 80 01 DB 16.

68 10 00 81 00 00 00 00 00 00 00 02 00 04 87 16.

68 0F 00 4A 00 00 00 00 00 00 10 80 01 DB 16.

68 10 00 81 00 00 00 00 00 00 00 02 00 04 87 16.

68 0F 00 4A 00 00 00 00 00 00 10 80 01 DB 16.

68 10 00 81 00 00 00 00 00 00 00 02 00 04 87 16.

68 0F 00 4A 00 00 00 00 00 00 10 80 01 DB 16.

68 10 00 81 00 00 00 00 00 00 00 02 00 04 87 16.

68 0F 00 4A 00 00 00 00 00 00 10 80 01 DB 16.

68 10 00 81 00 00 00 00 00 00 00 02 00 04 87 16.

68 0F 00 4A 00 00 00 00 00 00 10 80 01 DB 16.

68 10 00 81 00 00 00 00 00 00 00 02 00 04 87 16.

68 0F 00 4A 00 00 00 00 00 00 10 80 01 DB 16.

68 10 00 81 00 00 00 00 00 00 00 02 00 04 87 16.

68 0F 00 4A 00 00 00 00 00 00 10 80 01 DB 16.

68 10 00 81 00 00 00 00 00 00 00 02 00 04 87 16.

68 0F 00 4A 00 00 00 00 00 00 10 80 01 DB 16.

68 10 00 81 00 00 00 00 00 00 00 02 00 04 87 16.

68 0F 00 4A 00 00 00 00 00 00 10 80 01 DB 16.

68 10 00 81 00 00 00 00 00 00 00 02 00 04 87 16.

68 0F 00 4A 00 00 00 00 00 00 10 80 01 DB 16.

68 10 00 81 00 00 00 00 00 00 00 02 00 04 87 16.

68 0F 00 4A 00 00 00 00 00 00 10 80 01 DB 16.

68 10 00 81 00 00 00 00 00 00 00 02 00 04 87 16.

68 0F 00 4A 00 00 00 00 00 00 10 80 01 DB 16.

68 10 00 81 00 00 00 00 00 00 00 02 00 04 87 16.

68 0F 00 4A 00 00 00 00 00 00 10 80 01 DB 16.

68 10 00 81 00 00 00 00 00 00 00 02 00 04 87 16.

68 0F 00 4A 00 00 00 00 00 00 10 80 01 DB 16.

68 10 00 81 00 00 00 00 00 00 00 02 00 04 87 16.

68 0F 00 4A 00 00 00 00 00 00 10 80 01 DB 16.

68 10 00 81 00 00 00 00 00 00 00 02 00 04 87 16.

68 0F 00 4A 00 00 00 00 00 00 10 80 01 DB 16.

68 10 00 81 00 00 00 00 00 00 00 02 00 04 87 16.

68 0F 00 4A 00 00 00 00 00 00 10 80 01 DB 16.

68 10 00 81 00 00 00 00 00 00 00 02 00 04 87 16.

68 0F 00 4A 00 00 00 00 00 00 01 02 00 4D 16.

68 13 00 81 00 00 00 00 00 00 00 01 00 FF FF 00 00 80 16.

68 61 00 4A 00 00 00 00 00 00 11 01 00 09 68 94 56 02 00 00 02 00 02 06 68 61 02 00 00 03 00 02 66 94 56 02 00 00 04 00 02 00 83 60 02 00 00 05 00 02 13 68 61 02 00 00 06 00 02 71 94 56 02 00 00 07 00 02 67 73 61 02 00 00 08 00 02 75 94 56 02 00 00 09 00 02 73 94 56 02 00 00 0A 00 02 41 16.

68 13 00 81 00 00 00 00 00 00 00 01 00 FF FF 00 00 80 16.

68 61 00 4A 00 00 00 00 00 00 11 01 00 09 13 81 60 02 00 00 0B 00 02 12 68 61 02 00 00 0C 00 02 12 81 60 02 00 00 0D 00 02 15 81 60 02 00 00 0E 00 02 10 81 60 02 00 00 0F 00 02 14 68 61 02 00 00 10 00 02 74 94 56 02 00 00 11 00 02 11 81 60 02 00 00 12 00 02 26 06 62 02 00 00 13 00 02 74 16.

68 13 00 81 00 00 00 00 00 00 00 01 00 FF FF 00 00 80 16.

68 61 00 4A 00 00 00 00 00 00 11 01 00 09 08 68 61 02 00 00 14 00 02 64 73 61 02 00 00 15 00 02 72 94 56 02 00 00 16 00 02 11 68 61 02 00 00 17 00 02 18 56 62 02 00 00 18 00 02 61 73 61 02 00 00 19 00 02 57 73 61 02 00 00 1A 00 02 56 73 61 02 00 00 1B 00 02 04 81 60 02 00 00 1C 00 02 DF 16.

68 13 00 81 00 00 00 00 00 00 00 01 00 FF FF 00 00 80 16.

68 61 00 4A 00 00 00 00 00 00 11 01 00 09 20 06 62 02 00 00 1D 00 02 67 94 56 02 00 00 1E 00 02 29 06 62 02 00 00 1F 00 02 04 68 61 02 00 00 20 00 02 65 94 56 02 00 00 21 00 02 10 68 61 02 00 00 22 00 02 05 68 61 02 00 00 23 00 02 32 92 62 02 00 00 24 00 02 05 81 60 02 00 00 25 00 02 EB 16.

68 13 00 81 00 00 00 00 00 00 00 01 00 FF FF 00 00 80 16.

68 2B 00 4A 00 00 00 00 00 00 11 01 00 03 60 73 61 02 00 00 26 00 02 14 81 60 02 00 00 27 00 02 59 73 61 02 00 00 28 00 02 36 16.

68 13 00 81 00 00 00 00 00 00 00 01 00 FF FF 00 00 80 16.

68 0F 00 4A 00 00 00 00 00 00 12 01 00 5D 16.

68 13 00 81 00 00 00 00 00 00 00 01 00 FF FF 00 00 80 16.

68 0F 00 4A 00 00 00 00 00 00 10 80 01 DB 16.

68 10 00 81 00 00 00 00 00 00 00 02 00 04 87 16.

68 0F 00 4A 00 00 00 00 00 00 10 80 01 DB 16.

68 10 00 81 00 00 00 00 00 00 00 02 00 04 87 16.

68 0F 00 4A 00 00 00 00 00 00 10 80 01 DB 16.

68 10 00 81 00 00 00 00 00 00 00 02 00 04 87 16.

68 0F 00 4A 00 00 00 00 00 00 10 80 01 DB 16.

68 10 00 81 00 00 00 00 00 00 00 02 00 04 87 16.

68 0F 00 4A 00 00 00 00 00 00 10 80 01 DB 16.

68 10 00 81 00 00 00 00 00 00 00 02 00 04 87 16.

68 0F 00 4A 00 00 00 00 00 00 10 80 01 DB 16.

68 10 00 81 00 00 00 00 00 00 00 02 00 04 87 16.

68 0F 00 4A 00 00 00 00 00 00 10 80 01 DB 16.

68 10 00 81 00 00 00 00 00 00 00 02 00 04 87 16.

68 0F 00 4A 00 00 00 00 00 00 10 80 01 DB 16.

68 10 00 81 00 00 00 00 00 00 00 02 00 04 87 16.

68 0F 00 4A 00 00 00 00 00 00 10 80 01 DB 16.

68 10 00 81 00 00 00 00 00 00 00 02 00 04 87 16.

68 0F 00 4A 00 00 00 00 00 00 10 80 01 DB 16.

68 10 00 81 00 00 00 00 00 00 00 02 00 04 87 16.

68 0F 00 4A 00 00 00 00 00 00 10 80 01 DB 16.

68 10 00 81 00 00 00 00 00 00 00 02 00 04 87 16.

68 0F 00 4A 00 00 00 00 00 00 10 80 01 DB 16.

68 10 00 81 00 00 00 00 00 00 00 02 00 04 87 16.

68 0F 00 4A 00 00 00 00 00 00 10 80 01 DB 16.

68 10 00 81 00 00 00 00 00 00 00 02 00 04 87 16.

68 0F 00 4A 00 00 00 00 00 00 10 80 01 DB 16.

68 10 00 81 00 00 00 00 00 00 00 02 00 04 87 16.

68 0F 00 4A 00 00 00 00 00 00 10 80 01 DB 16.

68 10 00 81 00 00 00 00 00 00 00 02 00 04 87 16.

68 0F 00 4A 00 00 00 00 00 00 10 80 01 DB 16.

68 10 00 81 00 00 00 00 00 00 00 02 00 04 87 16.

68 0F 00 4A 00 00 00 00 00 00 10 80 01 DB 16.

68 10 00 81 00 00 00 00 00 00 00 02 00 04 87 16.

68 0F 00 4A 00 00 00 00 00 00 10 80 01 DB 16.

68 10 00 81 00 00 00 00 00 00 00 02 00 04 87 16.

68 0F 00 4A 00 00 00 00 00 00 10 80 01 DB 16.

68 10 00 81 00 00 00 00 00 00 00 02 00 04 87 16.

68 0F 00 4A 00 00 00 00 00 00 10 80 01 DB 16.

68 10 00 81 00 00 00 00 00 00 00 02 00 04 87 16.

68 0F 00 4A 00 00 00 00 00 00 10 80 01 DB 16.

68 10 00 81 00 00 00 00 00 00 00 02 00 04 87 16.

68 0F 00 4A 00 00 00 00 00 00 10 80 01 DB 16.

68 10 00 81 00 00 00 00 00 00 00 02 00 04 87 16.

68 0F 00 4A 00 00 00 00 00 00 10 80 01 DB 16.

68 10 00 81 00 00 00 00 00 00 00 02 00 04 87 16.

68 0F 00 4A 00 00 00 00 00 00 10 80 01 DB 16.

68 10 00 81 00 00 00 00 00 00 00 02 00 04 87 16.

68 0F 00 4A 00 00 00 00 00 00 10 80 01 DB 16.

68 10 00 81 00 00 00 00 00 00 00 02 00 04 87 16.

68 0F 00 4A 00 00 00 00 00 00 10 80 01 DB 16.

68 10 00 81 00 00 00 00 00 00 00 02 00 04 87 16.

68 0F 00 4A 00 00 00 00 00 00 10 80 01 DB 16.

68 10 00 81 00 00 00 00 00 00 00 02 00 04 87 16.

68 0F 00 4A 00 00 00 00 00 00 10 80 01 DB 16.

68 10 00 81 00 00 00 00 00 00 00 02 00 04 87 16.

68 0F 00 4A 00 00 00 00 00 00 10 80 01 DB 16.

68 10 00 81 00 00 00 00 00 00 00 02 00 04 87 16.

68 0F 00 4A 00 00 00 00 00 00 10 80 01 DB 16.

68 10 00 81 00 00 00 00 00 00 00 02 00 04 87 16.

68 0F 00 4A 00 00 00 00 00 00 10 80 01 DB 16.

68 10 00 81 00 00 00 00 00 00 00 02 00 04 87 16.

68 0F 00 4A 00 00 00 00 00 00 10 80 01 DB 16.

68 10 00 81 00 00 00 00 00 00 00 02 00 04 87 16.

68 0F 00 4A 00 00 00 00 00 00 10 80 01 DB 16.

68 10 00 81 00 00 00 00 00 00 00 02 00 04 87 16.

68 0F 00 4A 00 00 00 00 00 00 10 80 01 DB 16.

68 10 00 81 00 00 00 00 00 00 00 02 00 04 87 16.

68 0F 00 4A 00 00 00 00 00 00 10 80 01 DB 16.

68 10 00 81 00 00 00 00 00 00 00 02 00 04 87 16.

68 0F 00 4A 00 00 00 00 00 00 10 80 01 DB 16.

68 10 00 81 00 00 00 00 00 00 00 02 00 04 87 16.

68 0F 00 4A 00 00 00 00 00 00 10 80 01 DB 16.

68 10 00 81 00 00 00 00 00 00 00 02 00 04 87 16.

68 0F 00 4A 00 00 00 00 00 00 10 80 01 DB 16.

68 10 00 81 00 00 00 00 00 00 00 02 00 04 87 16.

68 0F 00 4A 00 00 00 00 00 00 10 80 01 DB 16.

68 10 00 81 00 00 00 00 00 00 00 02 00 04 87 16.

68 0F 00 4A 00 00 00 00 00 00 10 80 01 DB 16.

68 10 00 81 00 00 00 00 00 00 00 02 00 04 87 16.

68 0F 00 4A 00 00 00 00 00 00 10 80 01 DB 16.

68 10 00 81 00 00 00 00 00 00 00 02 00 04 87 16.

68 0F 00 4A 00 00 00 00 00 00 10 80 01 DB 16.

68 10 00 81 00 00 00 00 00 00 00 02 00 04 87 16.

68 0F 00 4A 00 00 00 00 00 00 10 80 01 DB 16.

68 10 00 81 00 00 00 00 00 00 00 02 00 04 87 16.

68 0F 00 4A 00 00 00 00 00 00 10 80 01 DB 16.

68 10 00 81 00 00 00 00 00 00 00 02 00 04 87 16.

68 0F 00 4A 00 00 00 00 00 00 10 80 01 DB 16.

68 10 00 81 00 00 00 00 00 00 00 02 00 04 87 16.

68 0F 00 4A 00 00 00 00 00 00 10 80 01 DB 16.

68 10 00 81 00 00 00 00 00 00 00 02 00 04 87 16.

68 0F 00 4A 00 00 00 00 00 00 10 80 01 DB 16.

68 10 00 81 00 00 00 00 00 00 00 02 00 04 87 16.

68 0F 00 4A 00 00 00 00 00 00 10 80 01 DB 16.

68 10 00 81 00 00 00 00 00 00 00 02 00 04 87 16.

68 0F 00 4A 00 00 00 00 00 00 10 80 01 DB 16.

68 10 00 81 00 00 00 00 00 00 00 02 00 04 87 16.

68 0F 00 4A 00 00 00 00 00 00 10 80 01 DB 16.

68 10 00 81 00 00 00 00 00 00 00 02 00 04 87 16.

68 0F 00 4A 00 00 00 00 00 00 10 80 01 DB 16.

68 10 00 81 00 00 00 00 00 00 00 02 00 04 87 16.

68 0F 00 4A 00 00 00 00 00 00 10 80 01 DB 16.

68 10 00 81 00 00 00 00 00 00 00 02 00 04 87 16.

68 0F 00 4A 00 00 00 00 00 00 10 80 01 DB 16.

68 10 00 81 00 00 00 00 00 00 00 02 00 04 87 16.

68 0F 00 4A 00 00 00 00 00 00 10 80 01 DB 16.

68 10 00 81 00 00 00 00 00 00 00 02 00 04 87 16.

68 0F 00 4A 00 00 00 00 00 00 10 80 01 DB 16.

68 10 00 81 00 00 00 00 00 00 00 02 00 04 87 16.

68 0F 00 4A 00 00 00 00 00 00 10 80 01 DB 16.

68 10 00 81 00 00 00 00 00 00 00 02 00 04 87 16.

68 0F 00 4A 00 00 00 00 00 00 10 80 01 DB 16.

68 10 00 81 00 00 00 00 00 00 00 02 00 04 87 16.

68 0F 00 4A 00 00 00 00 00 00 10 80 01 DB 16.

68 10 00 81 00 00 00 00 00 00 00 02 00 04 87 16.

68 0F 00 4A 00 00 00 00 00 00 10 80 01 DB 16.

68 10 00 81 00 00 00 00 00 00 00 02 00 04 87 16.

68 0F 00 4A 00 00 00 00 00 00 10 80 01 DB 16.

68 10 00 81 00 00 00 00 00 00 00 02 00 04 87 16.

68 0F 00 4A 00 00 00 00 00 00 10 80 01 DB 16.

68 10 00 81 00 00 00 00 00 00 00 02 00 04 87 16.

68 0F 00 4A 00 00 00 00 00 00 10 80 01 DB 16.

68 10 00 81 00 00 00 00 00 00 00 02 00 04 87 16.

68 0F 00 4A 00 00 00 00 00 00 10 80 01 DB 16.

68 10 00 81 00 00 00 00 00 00 00 02 00 04 87 16.

68 0F 00 4A 00 00 00 00 00 00 10 80 01 DB 16.

68 10 00 81 00 00 00 00 00 00 00 02 00 04 87 16.

68 0F 00 4A 00 00 00 00 00 00 10 80 01 DB 16.

68 10 00 81 00 00 00 00 00 00 00 02 00 04 87 16.

68 0F 00 4A 00 00 00 00 00 00 10 80 01 DB 16.

68 10 00 81 00 00 00 00 00 00 00 02 00 04 87 16.

68 0F 00 4A 00 00 00 00 00 00 10 80 01 DB 16.

68 10 00 81 00 00 00 00 00 00 00 02 00 04 87 16.

68 0F 00 4A 00 00 00 00 00 00 10 80 01 DB 16.

68 10 00 81 00 00 00 00 00 00 00 02 00 04 87 16.

68 0F 00 4A 00 00 00 00 00 00 10 80 01 DB 16.

68 10 00 81 00 00 00 00 00 00 00 02 00 04 87 16.

68 0F 00 4A 00 00 00 00 00 00 10 80 01 DB 16.

68 10 00 81 00 00 00 00 00 00 00 02 00 04 87 16.

68 0F 00 4A 00 00 00 00 00 00 10 80 01 DB 16.

68 10 00 81 00 00 00 00 00 00 00 02 00 04 87 16.

68 0F 00 4A 00 00 00 00 00 00 10 80 01 DB 16.

68 10 00 81 00 00 00 00 00 00 00 02 00 04 87 16.

68 0F 00 4A 00 00 00 00 00 00 10 80 01 DB 16.

68 10 00 81 00 00 00 00 00 00 00 02 00 04 87 16.

68 0F 00 4A 00 00 00 00 00 00 10 80 01 DB 16.

68 10 00 81 00 00 00 00 00 00 00 02 00 04 87 16.

68 0F 00 4A 00 00 00 00 00 00 10 80 01 DB 16.

68 10 00 81 00 00 00 00 00 00 00 02 00 04 87 16.

68 0F 00 4A 00 00 00 00 00 00 10 80 01 DB 16.

68 10 00 81 00 00 00 00 00 00 00 02 00 04 87 16.

68 0F 00 4A 00 00 00 00 00 00 10 80 01 DB 16.

68 10 00 81 00 00 00 00 00 00 00 02 00 04 87 16.

68 0F 00 4A 00 00 00 00 00 00 10 80 01 DB 16.

68 10 00 81 00 00 00 00 00 00 00 02 00 04 87 16.

68 0F 00 4A 00 00 00 00 00 00 10 80 01 DB 16.

68 10 00 81 00 00 00 00 00 00 00 02 00 04 87 16.

68 0F 00 4A 00 00 00 00 00 00 10 80 01 DB 16.

68 10 00 81 00 00 00 00 00 00 00 02 00 04 87 16.

68 0F 00 4A 00 00 00 00 00 00 10 80 01 DB 16.

68 10 00 81 00 00 00 00 00 00 00 02 00 04 87 16.

68 0F 00 4A 00 00 00 00 00 00 10 80 01 DB 16.

68 10 00 81 00 00 00 00 00 00 00 02 00 04 87 16.

68 0F 00 4A 00 00 00 00 00 00 10 80 01 DB 16.

68 10 00 81 00 00 00 00 00 00 00 02 00 04 87 16.

68 0F 00 4A 00 00 00 00 00 00 10 80 01 DB 16.

68 10 00 81 00 00 00 00 00 00 00 02 00 04 87 16.

68 0F 00 4A 00 00 00 00 00 00 10 80 01 DB 16.

68 10 00 81 00 00 00 00 00 00 00 02 00 04 87 16.

68 0F 00 4A 00 00 00 00 00 00 10 80 01 DB 16.

68 10 00 81 00 00 00 00 00 00 00 02 00 04 87 16.

68 0F 00 4A 00 00 00 00 00 00 10 80 01 DB 16.

68 10 00 81 00 00 00 00 00 00 00 02 00 04 87 16.

68 0F 00 4A 00 00 00 00 00 00 10 80 01 DB 16.

68 10 00 81 00 00 00 00 00 00 00 02 00 04 87 16.

68 0F 00 4A 00 00 00 00 00 00 10 80 01 DB 16.

68 10 00 81 00 00 00 00 00 00 00 02 00 04 87 16.

68 0F 00 4A 00 00 00 00 00 00 10 80 01 DB 16.

68 10 00 81 00 00 00 00 00 00 00 02 00 04 87 16.

68 0F 00 4A 00 00 00 00 00 00 10 80 01 DB 16.

68 10 00 81 00 00 00 00 00 00 00 02 00 04 87 16.

68 0F 00 4A 00 00 00 00 00 00 10 80 01 DB 16.

68 10 00 81 00 00 00 00 00 00 00 02 00 04 87 16.

68 0F 00 4A 00 00 00 00 00 00 10 80 01 DB 16.

68 10 00 81 00 00 00 00 00 00 00 02 00 04 87 16.

68 0F 00 4A 00 00 00 00 00 00 10 80 01 DB 16.

68 10 00 81 00 00 00 00 00 00 00 02 00 04 87 16.

68 0F 00 4A 00 00 00 00 00 00 10 80 01 DB 16.

68 10 00 81 00 00 00 00 00 00 00 02 00 04 87 16.

68 0F 00 4A 00 00 00 00 00 00 10 80 01 DB 16.

68 10 00 81 00 00 00 00 00 00 00 02 00 04 87 16.

68 0F 00 4A 00 00 00 00 00 00 10 80 01 DB 16.

68 10 00 81 00 00 00 00 00 00 00 02 00 04 87 16.

68 0F 00 4A 00 00 00 00 00 00 10 80 01 DB 16.

68 10 00 81 00 00 00 00 00 00 00 02 00 04 87 16.

68 0F 00 4A 00 00 00 00 00 00 10 80 01 DB 16.

68 10 00 81 00 00 00 00 00 00 00 02 00 04 87 16.

68 0F 00 4A 00 00 00 00 00 00 10 80 01 DB 16.

68 10 00 81 00 00 00 00 00 00 00 02 00 04 87 16.

68 0F 00 4A 00 00 00 00 00 00 10 80 01 DB 16.

68 10 00 81 00 00 00 00 00 00 00 02 00 04 87 16.

68 0F 00 4A 00 00 00 00 00 00 10 80 01 DB 16.

68 10 00 81 00 00 00 00 00 00 00 02 00 04 87 16.

68 0F 00 4A 00 00 00 00 00 00 10 80 01 DB 16.

68 10 00 81 00 00 00 00 00 00 00 02 00 04 87 16.

68 0F 00 4A 00 00 00 00 00 00 10 80 01 DB 16.

68 10 00 81 00 00 00 00 00 00 00 02 00 04 87 16.

68 0F 00 4A 00 00 00 00 00 00 10 80 01 DB 16.

68 10 00 81 00 00 00 00 00 00 00 02 00 04 87 16.

68 0F 00 4A 00 00 00 00 00 00 10 80 01 DB 16.

68 10 00 81 00 00 00 00 00 00 00 02 00 04 87 16.

68 0F 00 4A 00 00 00 00 00 00 10 80 01 DB 16.

68 10 00 81 00 00 00 00 00 00 00 02 00 04 87 16.

68 0F 00 4A 00 00 00 00 00 00 10 80 01 DB 16.

68 10 00 81 00 00 00 00 00 00 00 02 00 04 87 16.

68 0F 00 4A 00 00 00 00 00 00 10 80 01 DB 16.

68 10 00 81 00 00 00 00 00 00 00 02 00 04 87 16.

68 0F 00 4A 00 00 00 00 00 00 10 80 01 DB 16.

68 10 00 81 00 00 00 00 00 00 00 02 00 04 87 16.

68 0F 00 4A 00 00 00 00 00 00 10 80 01 DB 16.

68 10 00 81 00 00 00 00 00 00 00 02 00 04 87 16.

68 0F 00 4A 00 00 00 00 00 00 10 80 01 DB 16.

68 10 00 81 00 00 00 00 00 00 00 02 00 04 87 16.

68 0F 00 4A 00 00 00 00 00 00 10 80 01 DB 16.

68 10 00 81 00 00 00 00 00 00 00 02 00 04 87 16.

68 0F 00 4A 00 00 00 00 00 00 10 80 01 DB 16.

68 10 00 81 00 00 00 00 00 00 00 02 00 04 87 16.

68 0F 00 4A 00 00 00 00 00 00 10 80 01 DB 16.

68 10 00 81 00 00 00 00 00 00 00 02 00 04 87 16.

68 0F 00 4A 00 00 00 00 00 00 10 80 01 DB 16.

68 10 00 81 00 00 00 00 00 00 00 02 00 04 87 16.

68 0F 00 4A 00 00 00 00 00 00 10 80 01 DB 16.

68 10 00 81 00 00 00 00 00 00 00 02 00 04 87 16.

68 0F 00 4A 00 00 00 00 00 00 10 80 01 DB 16.

68 10 00 81 00 00 00 00 00 00 00 02 00 04 87 16.

68 0F 00 4A 00 00 00 00 00 00 10 80 01 DB 16.

68 10 00 81 00 00 00 00 00 00 00 02 00 04 87 16.

68 0F 00 4A 00 00 00 00 00 00 10 80 01 DB 16.

68 10 00 81 00 00 00 00 00 00 00 02 00 04 87 16.

68 0F 00 4A 00 00 00 00 00 00 10 80 01 DB 16.

68 10 00 81 00 00 00 00 00 00 00 02 00 04 87 16.

68 0F 00 4A 00 00 00 00 00 00 10 80 01 DB 16.

68 10 00 81 00 00 00 00 00 00 00 02 00 04 87 16.

68 0F 00 4A 00 00 00 00 00 00 10 80 01 DB 16.

68 10 00 81 00 00 00 00 00 00 00 02 00 04 87 16.

68 0F 00 4A 00 00 00 00 00 00 10 80 01 DB 16.

68 10 00 81 00 00 00 00 00 00 00 02 00 04 87 16.

68 0F 00 4A 00 00 00 00 00 00 10 80 01 DB 16.

68 10 00 81 00 00 00 00 00 00 00 02 00 04 87 16.

68 0F 00 4A 00 00 00 00 00 00 10 80 01 DB 16.

68 10 00 81 00 00 00 00 00 00 00 02 00 04 87 16.

68 0F 00 4A 00 00 00 00 00 00 10 80 01 DB 16.

68 10 00 81 00 00 00 00 00 00 00 02 00 04 87 16.

68 0F 00 4A 00 00 00 00 00 00 10 80 01 DB 16.

68 10 00 81 00 00 00 00 00 00 00 02 00 04 87 16.

68 0F 00 4A 00 00 00 00 00 00 10 80 01 DB 16.

68 10 00 81 00 00 00 00 00 00 00 02 00 04 87 16.

68 0F 00 4A 00 00 00 00 00 00 10 80 01 DB 16.

68 10 00 81 00 00 00 00 00 00 00 02 00 04 87 16.

68 0F 00 4A 00 00 00 00 00 00 10 80 01 DB 16.

68 10 00 81 00 00 00 00 00 00 00 02 00 04 87 16.

68 0F 00 4A 00 00 00 00 00 00 10 80 01 DB 16.

68 10 00 81 00 00 00 00 00 00 00 02 00 04 87 16.

68 0F 00 4A 00 00 00 00 00 00 10 80 01 DB 16.

68 10 00 81 00 00 00 00 00 00 00 02 00 04 87 16.

68 0F 00 4A 00 00 00 00 00 00 10 80 01 DB 16.

68 10 00 81 00 00 00 00 00 00 00 02 00 04 87 16.

68 0F 00 4A 00 00 00 00 00 00 10 80 01 DB 16.

68 10 00 81 00 00 00 00 00 00 00 02 00 04 87 16.

68 0F 00 4A 00 00 00 00 00 00 10 80 01 DB 16.

68 10 00 81 00 00 00 00 00 00 00 02 00 04 87 16.

68 0F 00 4A 00 00 00 00 00 00 10 80 01 DB 16.

68 10 00 81 00 00 00 00 00 00 00 02 00 04 87 16.

68 0F 00 4A 00 00 00 00 00 00 10 80 01 DB 16.

68 10 00 81 00 00 00 00 00 00 00 02 00 04 87 16.

68 0F 00 4A 00 00 00 00 00 00 10 80 01 DB 16.

68 10 00 81 00 00 00 00 00 00 00 02 00 04 87 16.

68 0F 00 4A 00 00 00 00 00 00 10 80 01 DB 16.

68 10 00 81 00 00 00 00 00 00 00 02 00 04 87 16.

68 0F 00 4A 00 00 00 00 00 00 10 80 01 DB 16.

68 10 00 81 00 00 00 00 00 00 00 02 00 04 87 16.

68 0F 00 4A 00 00 00 00 00 00 10 80 01 DB 16.

68 10 00 81 00 00 00 00 00 00 00 02 00 04 87 16.

68 0F 00 4A 00 00 00 00 00 00 10 80 01 DB 16.

68 10 00 81 00 00 00 00 00 00 00 02 00 04 87 16.

68 0F 00 4A 00 00 00 00 00 00 10 80 01 DB 16.

68 10 00 81 00 00 00 00 00 00 00 02 00 04 87 16.

68 0F 00 4A 00 00 00 00 00 00 10 80 01 DB 16.

68 10 00 81 00 00 00 00 00 00 00 02 00 04 87 16.

68 0F 00 4A 00 00 00 00 00 00 10 80 01 DB 16.

68 10 00 81 00 00 00 00 00 00 00 02 00 04 87 16.

68 0F 00 4A 00 00 00 00 00 00 10 80 01 DB 16.

68 10 00 81 00 00 00 00 00 00 00 02 00 04 87 16.

68 0F 00 4A 00 00 00 00 00 00 10 80 01 DB 16.

68 10 00 81 00 00 00 00 00 00 00 02 00 04 87 16.

68 0F 00 4A 00 00 00 00 00 00 10 80 01 DB 16.

68 10 00 81 00 00 00 00 00 00 00 02 00 04 87 16.

68 0F 00 4A 00 00 00 00 00 00 10 80 01 DB 16.

68 10 00 81 00 00 00 00 00 00 00 02 00 04 87 16.

68 0F 00 4A 00 00 00 00 00 00 10 80 01 DB 16.

68 10 00 81 00 00 00 00 00 00 00 02 00 04 87 16.

68 0F 00 4A 00 00 00 00 00 00 10 80 01 DB 16.

68 10 00 81 00 00 00 00 00 00 00 02 00 04 87 16.

68 0F 00 4A 00 00 00 00 00 00 10 80 01 DB 16.

68 10 00 81 00 00 00 00 00 00 00 02 00 04 87 16.

68 0F 00 4A 00 00 00 00 00 00 10 80 01 DB 16.

68 10 00 81 00 00 00 00 00 00 00 02 00 04 87 16.

68 0F 00 4A 00 00 00 00 00 00 10 80 01 DB 16.

68 10 00 81 00 00 00 00 00 00 00 02 00 04 87 16.

68 0F 00 4A 00 00 00 00 00 00 10 80 01 DB 16.

68 10 00 81 00 00 00 00 00 00 00 02 00 04 87 16.

68 0F 00 4A 00 00 00 00 00 00 10 80 01 DB 16.

68 10 00 81 00 00 00 00 00 00 00 02 00 04 87 16.

68 0F 00 4A 00 00 00 00 00 00 10 80 01 DB 16.

68 10 00 81 00 00 00 00 00 00 00 02 00 04 87 16.

68 0F 00 4A 00 00 00 00 00 00 10 80 01 DB 16.

68 10 00 81 00 00 00 00 00 00 00 02 00 04 87 16.

68 0F 00 4A 00 00 00 00 00 00 10 80 01 DB 16.

68 10 00 81 00 00 00 00 00 00 00 02 00 04 87 16.

68 0F 00 4A 00 00 00 00 00 00 10 80 01 DB 16.

68 10 00 81 00 00 00 00 00 00 00 02 00 04 87 16.

68 0F 00 4A 00 00 00 00 00 00 10 80 01 DB 16.

68 10 00 81 00 00 00 00 00 00 00 02 00 04 87 16.

68 0F 00 4A 00 00 00 00 00 00 10 80 01 DB 16.

68 10 00 81 00 00 00 00 00 00 00 02 00 04 87 16.

68 0F 00 4A 00 00 00 00 00 00 10 80 01 DB 16.

68 10 00 81 00 00 00 00 00 00 00 02 00 04 87 16.

68 0F 00 4A 00 00 00 00 00 00 10 80 01 DB 16.

68 10 00 81 00 00 00 00 00 00 00 02 00 04 87 16.

68 0F 00 4A 00 00 00 00 00 00 10 80 01 DB 16.

68 10 00 81 00 00 00 00 00 00 00 02 00 04 87 16.

68 0F 00 4A 00 00 00 00 00 00 10 80 01 DB 16.

68 10 00 81 00 00 00 00 00 00 00 02 00 04 87 16.

68 0F 00 4A 00 00 00 00 00 00 10 80 01 DB 16.

68 10 00 81 00 00 00 00 00 00 00 02 00 04 87 16.

68 0F 00 4A 00 00 00 00 00 00 10 80 01 DB 16.

68 10 00 81 00 00 00 00 00 00 00 02 00 04 87 16.

68 0F 00 4A 00 00 00 00 00 00 10 80 01 DB 16.

68 10 00 81 00 00 00 00 00 00 00 02 00 04 87 16.

68 0F 00 4A 00 00 00 00 00 00 10 80 01 DB 16.

68 10 00 81 00 00 00 00 00 00 00 02 00 04 87 16.

68 0F 00 4A 00 00 00 00 00 00 10 80 01 DB 16.

68 10 00 81 00 00 00 00 00 00 00 02 00 04 87 16.

68 0F 00 4A 00 00 00 00 00 00 10 80 01 DB 16.

68 10 00 81 00 00 00 00 00 00 00 02 00 04 87 16.

68 0F 00 4A 00 00 00 00 00 00 10 80 01 DB 16.

68 10 00 81 00 00 00 00 00 00 00 02 00 04 87 16.

68 0F 00 4A 00 00 00 00 00 00 10 80 01 DB 16.

68 10 00 81 00 00 00 00 00 00 00 02 00 04 87 16.

68 0F 00 4A 00 00 00 00 00 00 10 80 01 DB 16.

68 10 00 81 00 00 00 00 00 00 00 02 00 04 87 16.

68 0F 00 4A 00 00 00 00 00 00 10 80 01 DB 16.

68 10 00 81 00 00 00 00 00 00 00 02 00 04 87 16.

68 0F 00 4A 00 00 00 00 00 00 10 80 01 DB 16.

68 10 00 81 00 00 00 00 00 00 00 02 00 04 87 16.

68 0F 00 4A 00 00 00 00 00 00 10 80 01 DB 16.

68 10 00 81 00 00 00 00 00 00 00 02 00 04 87 16.

68 0F 00 4A 00 00 00 00 00 00 10 80 01 DB 16.

68 10 00 81 00 00 00 00 00 00 00 02 00 04 87 16.

68 0F 00 4A 00 00 00 00 00 00 10 80 01 DB 16.

68 10 00 81 00 00 00 00 00 00 00 02 00 04 87 16.

68 0F 00 4A 00 00 00 00 00 00 10 80 01 DB 16.

68 10 00 81 00 00 00 00 00 00 00 02 00 04 87 16.

68 0F 00 4A 00 00 00 00 00 00 10 80 01 DB 16.

68 10 00 81 00 00 00 00 00 00 00 02 00 04 87 16.

68 0F 00 4A 00 00 00 00 00 00 10 80 01 DB 16.

68 10 00 81 00 00 00 00 00 00 00 02 00 04 87 16.

68 0F 00 4A 00 00 00 00 00 00 10 80 01 DB 16.

68 10 00 81 00 00 00 00 00 00 00 02 00 04 87 16.

68 0F 00 4A 00 00 00 00 00 00 10 80 01 DB 16.

68 10 00 81 00 00 00 00 00 00 00 02 00 04 87 16.

68 0F 00 4A 00 00 00 00 00 00 10 80 01 DB 16.

68 10 00 81 00 00 00 00 00 00 00 02 00 04 87 16.

68 0F 00 4A 00 00 00 00 00 00 10 80 01 DB 16.

68 10 00 81 00 00 00 00 00 00 00 02 00 04 87 16.

68 0F 00 4A 00 00 00 00 00 00 10 80 01 DB 16.

68 10 00 81 00 00 00 00 00 00 00 02 00 04 87 16.

68 0F 00 4A 00 00 00 00 00 00 10 80 01 DB 16.

68 10 00 81 00 00 00 00 00 00 00 02 00 04 87 16.

68 0F 00 4A 00 00 00 00 00 00 10 80 01 DB 16.

68 10 00 81 00 00 00 00 00 00 00 02 00 04 87 16.

68 0F 00 4A 00 00 00 00 00 00 10 80 01 DB 16.

68 10 00 81 00 00 00 00 00 00 00 02 00 04 87 16.

68 0F 00 4A 00 00 00 00 00 00 10 80 01 DB 16.

68 10 00 81 00 00 00 00 00 00 00 02 00 04 87 16.

68 0F 00 4A 00 00 00 00 00 00 10 80 01 DB 16.

68 10 00 81 00 00 00 00 00 00 00 02 00 04 87 16.

68 0F 00 4A 00 00 00 00 00 00 10 80 01 DB 16.

68 10 00 81 00 00 00 00 00 00 00 02 00 04 87 16.

68 0F 00 4A 00 00 00 00 00 00 10 80 01 DB 16.

68 10 00 81 00 00 00 00 00 00 00 02 00 04 87 16.

68 0F 00 4A 00 00 00 00 00 00 10 80 01 DB 16.

68 10 00 81 00 00 00 00 00 00 00 02 00 04 87 16.

68 0F 00 4A 00 00 00 00 00 00 10 80 01 DB 16.

68 10 00 81 00 00 00 00 00 00 00 02 00 04 87 16.

68 0F 00 4A 00 00 00 00 00 00 10 80 01 DB 16.

68 10 00 81 00 00 00 00 00 00 00 02 00 04 87 16.

68 0F 00 4A 00 00 00 00 00 00 10 80 01 DB 16.

68 10 00 81 00 00 00 00 00 00 00 02 00 04 87 16.

68 0F 00 4A 00 00 00 00 00 00 10 80 01 DB 16.

68 10 00 81 00 00 00 00 00 00 00 02 00 04 87 16.

68 0F 00 4A 00 00 00 00 00 00 10 80 01 DB 16.

68 10 00 81 00 00 00 00 00 00 00 02 00 04 87 16.

68 0F 00 4A 00 00 00 00 00 00 10 80 01 DB 16.

68 10 00 81 00 00 00 00 00 00 00 02 00 04 87 16.

68 0F 00 4A 00 00 00 00 00 00 10 80 01 DB 16.

68 10 00 81 00 00 00 00 00 00 00 02 00 04 87 16.

68 0F 00 4A 00 00 00 00 00 00 10 80 01 DB 16.

68 10 00 81 00 00 00 00 00 00 00 02 00 04 87 16.

68 0F 00 4A 00 00 00 00 00 00 10 80 01 DB 16.

68 10 00 81 00 00 00 00 00 00 00 02 00 04 87 16.

68 0F 00 4A 00 00 00 00 00 00 10 80 01 DB 16.

68 10 00 81 00 00 00 00 00 00 00 02 00 04 87 16.

68 0F 00 4A 00 00 00 00 00 00 10 80 01 DB 16.

68 10 00 81 00 00 00 00 00 00 00 02 00 04 87 16.

68 0F 00 4A 00 00 00 00 00 00 10 80 01 DB 16.

68 10 00 81 00 00 00 00 00 00 00 02 00 04 87 16.

68 0F 00 4A 00 00 00 00 00 00 10 80 01 DB 16.

68 10 00 81 00 00 00 00 00 00 00 02 00 04 87 16.

68 0F 00 4A 00 00 00 00 00 00 10 80 01 DB 16.

68 10 00 81 00 00 00 00 00 00 00 02 00 04 87 16.

68 0F 00 4A 00 00 00 00 00 00 10 80 01 DB 16.

68 10 00 81 00 00 00 00 00 00 00 02 00 04 87 16.

68 0F 00 4A 00 00 00 00 00 00 10 80 01 DB 16.

68 10 00 81 00 00 00 00 00 00 00 02 00 04 87 16.

68 0F 00 4A 00 00 00 00 00 00 10 80 01 DB 16.

68 10 00 81 00 00 00 00 00 00 00 02 00 04 87 16.

68 0F 00 4A 00 00 00 00 00 00 10 80 01 DB 16.

68 10 00 81 00 00 00 00 00 00 00 02 00 04 87 16.

68 0F 00 4A 00 00 00 00 00 00 10 80 01 DB 16.

68 10 00 81 00 00 00 00 00 00 00 02 00 04 87 16.

68 0F 00 4A 00 00 00 00 00 00 10 80 01 DB 16.

68 10 00 81 00 00 00 00 00 00 00 02 00 04 87 16.

68 0F 00 4A 00 00 00 00 00 00 10 80 01 DB 16.

68 10 00 81 00 00 00 00 00 00 00 02 00 04 87 16.

68 0F 00 4A 00 00 00 00 00 00 10 80 01 DB 16.

68 10 00 81 00 00 00 00 00 00 00 02 00 04 87 16.

68 0F 00 4A 00 00 00 00 00 00 10 80 01 DB 16.

68 10 00 81 00 00 00 00 00 00 00 02 00 04 87 16.

68 0F 00 4A 00 00 00 00 00 00 10 80 01 DB 16.

68 10 00 81 00 00 00 00 00 00 00 02 00 04 87 16.

68 0F 00 4A 00 00 00 00 00 00 10 80 01 DB 16.

68 10 00 81 00 00 00 00 00 00 00 02 00 04 87 16.

68 0F 00 4A 00 00 00 00 00 00 10 80 01 DB 16.

68 10 00 81 00 00 00 00 00 00 00 02 00 04 87 16.

68 0F 00 4A 00 00 00 00 00 00 10 80 01 DB 16.

68 10 00 81 00 00 00 00 00 00 00 02 00 04 87 16.

68 0F 00 4A 00 00 00 00 00 00 10 80 01 DB 16.

68 10 00 81 00 00 00 00 00 00 00 02 00 04 87 16.

68 0F 00 4A 00 00 00 00 00 00 10 80 01 DB 16.

68 10 00 81 00 00 00 00 00 00 00 02 00 04 87 16.

68 0F 00 4A 00 00 00 00 00 00 10 80 01 DB 16.

68 10 00 81 00 00 00 00 00 00 00 02 00 04 87 16.

68 0F 00 4A 00 00 00 00 00 00 10 80 01 DB 16.

68 10 00 81 00 00 00 00 00 00 00 02 00 04 87 16.

68 0F 00 4A 00 00 00 00 00 00 10 80 01 DB 16.

68 10 00 81 00 00 00 00 00 00 00 02 00 04 87 16.

68 0F 00 4A 00 00 00 00 00 00 10 80 01 DB 16.

68 10 00 81 00 00 00 00 00 00 00 02 00 04 87 16.

68 0F 00 4A 00 00 00 00 00 00 10 80 01 DB 16.

68 10 00 81 00 00 00 00 00 00 00 02 00 04 87 16.

68 0F 00 4A 00 00 00 00 00 00 10 80 01 DB 16.

68 10 00 81 00 00 00 00 00 00 00 02 00 04 87 16.

68 0F 00 4A 00 00 00 00 00 00 10 80 01 DB 16.

68 10 00 81 00 00 00 00 00 00 00 02 00 04 87 16.

68 0F 00 4A 00 00 00 00 00 00 10 80 01 DB 16.

68 10 00 81 00 00 00 00 00 00 00 02 00 04 87 16.

68 0F 00 4A 00 00 00 00 00 00 10 80 01 DB 16.

68 10 00 81 00 00 00 00 00 00 00 02 00 04 87 16.

68 0F 00 4A 00 00 00 00 00 00 10 80 01 DB 16.

68 10 00 81 00 00 00 00 00 00 00 02 00 04 87 16.

68 0F 00 4A 00 00 00 00 00 00 10 80 01 DB 16.

68 10 00 81 00 00 00 00 00 00 00 02 00 04 87 16.

68 0F 00 4A 00 00 00 00 00 00 10 80 01 DB 16.

68 10 00 81 00 00 00 00 00 00 00 02 00 04 87 16.

68 0F 00 4A 00 00 00 00 00 00 10 80 01 DB 16.

68 10 00 81 00 00 00 00 00 00 00 02 00 04 87 16.

68 0F 00 4A 00 00 00 00 00 00 10 80 01 DB 16.

68 10 00 81 00 00 00 00 00 00 00 02 00 04 87 16.

68 0F 00 4A 00 00 00 00 00 00 10 80 01 DB 16.

68 10 00 81 00 00 00 00 00 00 00 02 00 04 87 16.

68 0F 00 4A 00 00 00 00 00 00 10 80 01 DB 16.

68 10 00 81 00 00 00 00 00 00 00 02 00 04 87 16.

68 0F 00 4A 00 00 00 00 00 00 10 80 01 DB 16.

68 10 00 81 00 00 00 00 00 00 00 02 00 04 87 16.

68 0F 00 4A 00 00 00 00 00 00 10 80 01 DB 16.

68 10 00 81 00 00 00 00 00 00 00 02 00 04 87 16.

68 0F 00 4A 00 00 00 00 00 00 10 80 01 DB 16.

68 10 00 81 00 00 00 00 00 00 00 02 00 04 87 16.

68 0F 00 4A 00 00 00 00 00 00 10 80 01 DB 16.

68 10 00 81 00 00 00 00 00 00 00 02 00 04 87 16.

68 0F 00 4A 00 00 00 00 00 00 10 80 01 DB 16.

68 10 00 81 00 00 00 00 00 00 00 02 00 04 87 16.

68 0F 00 4A 00 00 00 00 00 00 10 80 01 DB 16.

68 10 00 81 00 00 00 00 00 00 00 02 00 04 87 16.

68 0F 00 4A 00 00 00 00 00 00 10 80 01 DB 16.

68 10 00 81 00 00 00 00 00 00 00 02 00 04 87 16.

68 0F 00 4A 00 00 00 00 00 00 10 80 01 DB 16.

68 10 00 81 00 00 00 00 00 00 00 02 00 04 87 16.

68 0F 00 4A 00 00 00 00 00 00 10 80 01 DB 16.

68 10 00 81 00 00 00 00 00 00 00 02 00 04 87 16.

68 0F 00 4A 00 00 00 00 00 00 10 80 01 DB 16.

68 10 00 81 00 00 00 00 00 00 00 02 00 04 87 16.

68 0F 00 4A 00 00 00 00 00 00 10 80 01 DB 16.

68 10 00 81 00 00 00 00 00 00 00 02 00 04 87 16.

68 0F 00 4A 00 00 00 00 00 00 10 80 01 DB 16.

68 10 00 81 00 00 00 00 00 00 00 02 00 04 87 16.

68 0F 00 4A 00 00 00 00 00 00 10 80 01 DB 16.

68 10 00 81 00 00 00 00 00 00 00 02 00 04 87 16.

68 0F 00 4A 00 00 00 00 00 00 10 80 01 DB 16.

68 10 00 81 00 00 00 00 00 00 00 02 00 04 87 16.

68 0F 00 4A 00 00 00 00 00 00 10 80 01 DB 16.

68 10 00 81 00 00 00 00 00 00 00 02 00 04 87 16.

68 0F 00 4A 00 00 00 00 00 00 10 80 01 DB 16.

68 10 00 81 00 00 00 00 00 00 00 02 00 04 87 16.

68 0F 00 4A 00 00 00 00 00 00 10 80 01 DB 16.

68 10 00 81 00 00 00 00 00 00 00 02 00 04 87 16.

68 0F 00 4A 00 00 00 00 00 00 10 80 01 DB 16.

68 10 00 81 00 00 00 00 00 00 00 02 00 04 87 16.

68 0F 00 4A 00 00 00 00 00 00 10 80 01 DB 16.

68 10 00 81 00 00 00 00 00 00 00 02 00 04 87 16.

68 0F 00 4A 00 00 00 00 00 00 10 80 01 DB 16.

68 10 00 81 00 00 00 00 00 00 00 02 00 04 87 16.

68 0F 00 4A 00 00 00 00 00 00 10 80 01 DB 16.

68 10 00 81 00 00 00 00 00 00 00 02 00 04 87 16.

68 0F 00 4A 00 00 00 00 00 00 10 80 01 DB 16.

68 10 00 81 00 00 00 00 00 00 00 02 00 04 87 16.

68 0F 00 4A 00 00 00 00 00 00 10 80 01 DB 16.

68 10 00 81 00 00 00 00 00 00 00 02 00 04 87 16.

68 0F 00 4A 00 00 00 00 00 00 10 80 01 DB 16.

68 10 00 81 00 00 00 00 00 00 00 02 00 04 87 16.

68 0F 00 4A 00 00 00 00 00 00 10 80 01 DB 16.

68 10 00 81 00 00 00 00 00 00 00 02 00 04 87 16.

68 0F 00 4A 00 00 00 00 00 00 10 80 01 DB 16.

68 10 00 81 00 00 00 00 00 00 00 02 00 04 87 16.

68 0F 00 4A 00 00 00 00 00 00 10 80 01 DB 16.

68 10 00 81 00 00 00 00 00 00 00 02 00 04 87 16.

68 0F 00 4A 00 00 00 00 00 00 10 80 01 DB 16.

68 10 00 81 00 00 00 00 00 00 00 02 00 04 87 16.

68 0F 00 4A 00 00 00 00 00 00 10 80 01 DB 16.

68 10 00 81 00 00 00 00 00 00 00 02 00 04 87 16.

68 0F 00 4A 00 00 00 00 00 00 10 80 01 DB 16.

68 10 00 81 00 00 00 00 00 00 00 02 00 04 87 16.

68 0F 00 4A 00 00 00 00 00 00 10 80 01 DB 16.

68 10 00 81 00 00 00 00 00 00 00 02 00 04 87 16.

68 0F 00 4A 00 00 00 00 00 00 10 80 01 DB 16.

68 10 00 81 00 00 00 00 00 00 00 02 00 04 87 16.

68 0F 00 4A 00 00 00 00 00 00 10 80 01 DB 16.

68 10 00 81 00 00 00 00 00 00 00 02 00 04 87 16.

少了一条没抓到

68 10 00 81 00 00 00 00 00 00 00 02 00 67 EA 16.

68 2D 00 4A 04 00 00 00 00 00 43 60 05 02 64 00 68 94 56 02 00 00 02 01 00 02 10 68 68 94 56 02 00 00 68 11 04 33 32 34 33 05 16 E5 16.

68 10 00 81 00 00 00 00 00 00 00 02 00 67 EA 16.

68 2D 00 4A 04 00 00 00 00 00 43 60 05 02 64 00 68 94 56 02 00 00 02 01 00 02 10 68 68 94 56 02 00 00 68 11 04 33 32 34 33 05 16 E5 16.

68 10 00 81 00 00 00 00 00 00 00 02 00 67 EA 16.

68 2D 00 4A 04 00 00 00 00 00 43 60 05 02 64 00 06 68 61 02 00 00 02 01 00 02 10 68 06 68 61 02 00 00 68 11 04 33 32 34 33 82 16 5C 16.

68 10 00 81 00 00 00 00 00 00 00 02 00 67 EA 16.

68 2D 00 4A 04 00 00 00 00 00 43 60 05 02 64 00 06 68 61 02 00 00 02 01 00 02 10 68 06 68 61 02 00 00 68 11 04 33 32 34 33 82 16 5C 16.

68 10 00 81 00 00 00 00 00 00 00 02 00 67 EA 16.

68 2D 00 4A 04 00 00 00 00 00 43 60 05 02 64 00 06 68 61 02 00 00 02 01 00 02 10 68 06 68 61 02 00 00 68 11 04 33 32 34 33 82 16 5C 16.

68 10 00 81 00 00 00 00 00 00 00 02 00 67 EA 16.

68 2D 00 4A 04 00 00 00 00 00 43 60 05 02 64 00 66 94 56 02 00 00 02 01 00 02 10 68 66 94 56 02 00 00 68 11 04 33 32 34 33 03 16 DF 16.

68 10 00 81 00 00 00 00 00 00 00 02 00 67 EA 16.

68 2D 00 4A 04 00 00 00 00 00 43 60 05 02 64 00 66 94 56 02 00 00 02 01 00 02 10 68 66 94 56 02 00 00 68 11 04 33 32 34 33 03 16 DF 16.

68 10 00 81 00 00 00 00 00 00 00 02 00 67 EA 16.

68 2D 00 4A 04 00 00 00 00 00 43 60 05 02 64 00 66 94 56 02 00 00 02 01 00 02 10 68 66 94 56 02 00 00 68 11 04 33 32 34 33 03 16 DF 16.

68 10 00 81 00 00 00 00 00 00 00 02 00 67 EA 16.

68 2D 00 4A 04 00 00 00 00 00 43 60 05 02 64 00 00 83 60 02 00 00 02 01 00 02 10 68 00 83 60 02 00 00 68 11 04 33 32 34 33 96 16 98 16.

68 10 00 81 00 00 00 00 00 00 00 02 00 67 EA 16.

68 2D 00 4A 04 00 00 00 00 00 43 60 05 02 64 00 00 83 60 02 00 00 02 01 00 02 10 68 00 83 60 02 00 00 68 11 04 33 32 34 33 96 16 98 16.

68 10 00 81 00 00 00 00 00 00 00 02 00 67 EA 16.

68 2D 00 4A 04 00 00 00 00 00 43 60 05 02 64 00 00 83 60 02 00 00 02 01 00 02 10 68 00 83 60 02 00 00 68 11 04 33 32 34 33 96 16 98 16.

68 10 00 81 00 00 00 00 00 00 00 02 00 67 EA 16.

68 2D 00 4A 04 00 00 00 00 00 43 60 05 02 64 00 00 83 60 02 00 00 02 01 00 02 10 68 00 83 60 02 00 00 68 11 04 34 34 39 38 A3 16 B2 16.

68 10 00 81 00 00 00 00 00 00 00 02 00 67 EA 16.

68 2D 00 4A 04 00 00 00 00 00 43 60 05 02 64 00 00 83 60 02 00 00 02 01 00 02 10 68 00 83 60 02 00 00 68 11 04 34 34 39 38 A3 16 B2 16.

68 10 00 81 00 00 00 00 00 00 00 02 00 67 EA 16.

68 2D 00 4A 04 00 00 00 00 00 43 60 05 02 64 00 00 83 60 02 00 00 02 01 00 02 10 68 00 83 60 02 00 00 68 11 04 34 34 39 38 A3 16 B2 16.

68 10 00 81 00 00 00 00 00 00 00 02 00 67 EA 16.

68 2D 00 4A 04 00 00 00 00 00 43 60 05 02 64 00 13 68 61 02 00 00 02 01 00 02 10 68 13 68 61 02 00 00 68 11 04 33 32 34 33 8F 16 83 16.

68 10 00 81 00 00 00 00 00 00 00 02 00 67 EA 16.

68 2D 00 4A 04 00 00 00 00 00 43 60 05 02 64 00 13 68 61 02 00 00 02 01 00 02 10 68 13 68 61 02 00 00 68 11 04 33 32 34 33 8F 16 83 16.

68 10 00 81 00 00 00 00 00 00 00 02 00 67 EA 16.

68 2D 00 4A 04 00 00 00 00 00 43 60 05 02 64 00 13 68 61 02 00 00 02 01 00 02 10 68 13 68 61 02 00 00 68 11 04 33 32 34 33 8F 16 83 16.

68 10 00 81 00 00 00 00 00 00 00 02 00 67 EA 16.

68 2D 00 4A 04 00 00 00 00 00 43 60 05 02 64 00 71 94 56 02 00 00 02 01 00 02 10 68 71 94 56 02 00 00 68 11 04 33 32 34 33 0E 16 00 16.

68 10 00 81 00 00 00 00 00 00 00 02 00 67 EA 16.

68 2D 00 4A 04 00 00 00 00 00 43 60 05 02 64 00 71 94 56 02 00 00 02 01 00 02 10 68 71 94 56 02 00 00 68 11 04 33 32 34 33 0E 16 00 16.

68 10 00 81 00 00 00 00 00 00 00 02 00 67 EA 16.

68 2D 00 4A 04 00 00 00 00 00 43 60 05 02 64 00 71 94 56 02 00 00 02 01 00 02 10 68 71 94 56 02 00 00 68 11 04 33 32 34 33 0E 16 00 16.

68 10 00 81 00 00 00 00 00 00 00 02 00 67 EA 16.

68 2D 00 4A 04 00 00 00 00 00 43 60 05 02 64 00 67 73 61 02 00 00 02 01 00 02 10 68 67 73 61 02 00 00 68 11 04 33 32 34 33 EE 16 A0 16.

68 10 00 81 00 00 00 00 00 00 00 02 00 67 EA 16.

68 2D 00 4A 04 00 00 00 00 00 43 60 05 02 64 00 67 73 61 02 00 00 02 01 00 02 10 68 67 73 61 02 00 00 68 11 04 33 32 34 33 EE 16 A0 16.

68 10 00 81 00 00 00 00 00 00 00 02 00 67 EA 16.

68 2D 00 4A 04 00 00 00 00 00 43 60 05 02 64 00 67 73 61 02 00 00 02 01 00 02 10 68 67 73 61 02 00 00 68 11 04 33 32 34 33 EE 16 A0 16.

68 10 00 81 00 00 00 00 00 00 00 02 00 67 EA 16.

68 2D 00 4A 04 00 00 00 00 00 43 60 05 02 64 00 75 94 56 02 00 00 02 01 00 02 10 68 75 94 56 02 00 00 68 11 04 33 32 34 33 12 16 0C 16.

68 10 00 81 00 00 00 00 00 00 00 02 00 67 EA 16.

68 2D 00 4A 04 00 00 00 00 00 43 60 05 02 64 00 75 94 56 02 00 00 02 01 00 02 10 68 75 94 56 02 00 00 68 11 04 33 32 34 33 12 16 0C 16.

68 10 00 81 00 00 00 00 00 00 00 02 00 67 EA 16.

68 2D 00 4A 04 00 00 00 00 00 43 60 05 02 64 00 75 94 56 02 00 00 02 01 00 02 10 68 75 94 56 02 00 00 68 11 04 33 32 34 33 12 16 0C 16.

68 10 00 81 00 00 00 00 00 00 00 02 00 67 EA 16.

68 2D 00 4A 04 00 00 00 00 00 43 60 05 02 64 00 73 94 56 02 00 00 02 01 00 02 10 68 73 94 56 02 00 00 68 11 04 33 32 34 33 10 16 06 16.

68 10 00 81 00 00 00 00 00 00 00 02 00 67 EA 16.

68 2D 00 4A 04 00 00 00 00 00 43 60 05 02 64 00 73 94 56 02 00 00 02 01 00 02 10 68 73 94 56 02 00 00 68 11 04 33 32 34 33 10 16 06 16.

68 10 00 81 00 00 00 00 00 00 00 02 00 67 EA 16.

68 2D 00 4A 04 00 00 00 00 00 43 60 05 02 64 00 73 94 56 02 00 00 02 01 00 02 10 68 73 94 56 02 00 00 68 11 04 33 32 34 33 10 16 06 16.

68 10 00 81 00 00 00 00 00 00 00 02 00 67 EA 16.

68 2D 00 4A 04 00 00 00 00 00 43 60 05 02 64 00 13 81 60 02 00 00 02 01 00 02 10 68 13 81 60 02 00 00 68 11 04 33 32 34 33 A7 16 CB 16.

68 10 00 81 00 00 00 00 00 00 00 02 00 67 EA 16.

68 2D 00 4A 04 00 00 00 00 00 43 60 05 02 64 00 13 81 60 02 00 00 02 01 00 02 10 68 13 81 60 02 00 00 68 11 04 33 32 34 33 A7 16 CB 16.

68 10 00 81 00 00 00 00 00 00 00 02 00 67 EA 16.

68 2D 00 4A 04 00 00 00 00 00 43 60 05 02 64 00 13 81 60 02 00 00 02 01 00 02 10 68 13 81 60 02 00 00 68 11 04 33 32 34 33 A7 16 CB 16.

68 10 00 81 00 00 00 00 00 00 00 02 00 67 EA 16.

68 2D 00 4A 04 00 00 00 00 00 43 60 05 02 64 00 12 68 61 02 00 00 02 01 00 02 10 68 12 68 61 02 00 00 68 11 04 33 32 34 33 8E 16 80 16.

68 10 00 81 00 00 00 00 00 00 00 02 00 67 EA 16.

68 2D 00 4A 04 00 00 00 00 00 43 60 05 02 64 00 12 68 61 02 00 00 02 01 00 02 10 68 12 68 61 02 00 00 68 11 04 33 32 34 33 8E 16 80 16.

68 10 00 81 00 00 00 00 00 00 00 02 00 67 EA 16.

68 2D 00 4A 04 00 00 00 00 00 43 60 05 02 64 00 12 68 61 02 00 00 02 01 00 02 10 68 12 68 61 02 00 00 68 11 04 33 32 34 33 8E 16 80 16.

68 10 00 81 00 00 00 00 00 00 00 02 00 67 EA 16.

68 2D 00 4A 04 00 00 00 00 00 43 60 05 02 64 00 12 81 60 02 00 00 02 01 00 02 10 68 12 81 60 02 00 00 68 11 04 33 32 34 33 A6 16 C8 16.

68 10 00 81 00 00 00 00 00 00 00 02 00 67 EA 16.

68 2D 00 4A 04 00 00 00 00 00 43 60 05 02 64 00 12 81 60 02 00 00 02 01 00 02 10 68 12 81 60 02 00 00 68 11 04 33 32 34 33 A6 16 C8 16.

68 10 00 81 00 00 00 00 00 00 00 02 00 67 EA 16.

68 2D 00 4A 04 00 00 00 00 00 43 60 05 02 64 00 12 81 60 02 00 00 02 01 00 02 10 68 12 81 60 02 00 00 68 11 04 33 32 34 33 A6 16 C8 16.

68 10 00 81 00 00 00 00 00 00 00 02 00 67 EA 16.

68 2D 00 4A 04 00 00 00 00 00 43 60 05 02 64 00 15 81 60 02 00 00 02 01 00 02 10 68 15 81 60 02 00 00 68 11 04 33 32 34 33 A9 16 D1 16.

68 10 00 81 00 00 00 00 00 00 00 02 00 67 EA 16.

68 2D 00 4A 04 00 00 00 00 00 43 60 05 02 64 00 15 81 60 02 00 00 02 01 00 02 10 68 15 81 60 02 00 00 68 11 04 33 32 34 33 A9 16 D1 16.

68 10 00 81 00 00 00 00 00 00 00 02 00 67 EA 16.

68 2D 00 4A 04 00 00 00 00 00 43 60 05 02 64 00 15 81 60 02 00 00 02 01 00 02 10 68 15 81 60 02 00 00 68 11 04 33 32 34 33 A9 16 D1 16.

68 10 00 81 00 00 00 00 00 00 00 02 00 67 EA 16.

68 2D 00 4A 04 00 00 00 00 00 43 60 05 02 64 00 10 81 60 02 00 00 02 01 00 02 10 68 10 81 60 02 00 00 68 11 04 33 32 34 33 A4 16 C2 16.

68 10 00 81 00 00 00 00 00 00 00 02 00 67 EA 16.

68 2D 00 4A 04 00 00 00 00 00 43 60 05 02 64 00 10 81 60 02 00 00 02 01 00 02 10 68 10 81 60 02 00 00 68 11 04 33 32 34 33 A4 16 C2 16.

68 10 00 81 00 00 00 00 00 00 00 02 00 67 EA 16.

68 2D 00 4A 04 00 00 00 00 00 43 60 05 02 64 00 10 81 60 02 00 00 02 01 00 02 10 68 10 81 60 02 00 00 68 11 04 33 32 34 33 A4 16 C2 16.

68 10 00 81 00 00 00 00 00 00 00 02 00 67 EA 16.

68 2D 00 4A 04 00 00 00 00 00 43 60 05 02 64 00 14 68 61 02 00 00 02 01 00 02 10 68 14 68 61 02 00 00 68 11 04 33 32 34 33 90 16 86 16.

68 10 00 81 00 00 00 00 00 00 00 02 00 67 EA 16.

68 2D 00 4A 04 00 00 00 00 00 43 60 05 02 64 00 14 68 61 02 00 00 02 01 00 02 10 68 14 68 61 02 00 00 68 11 04 33 32 34 33 90 16 86 16.

68 10 00 81 00 00 00 00 00 00 00 02 00 67 EA 16.

68 2D 00 4A 04 00 00 00 00 00 43 60 05 02 64 00 14 68 61 02 00 00 02 01 00 02 10 68 14 68 61 02 00 00 68 11 04 33 32 34 33 90 16 86 16.

68 10 00 81 00 00 00 00 00 00 00 02 00 67 EA 16.

68 15 00 4A 00 00 00 00 00 00 05 20 00 51 00 11 14 11 13 09 16.

68 13 00 81 00 00 00 00 00 00 00 01 00 FF FF 00 00 80 16.

68 2D 00 4A 04 00 00 00 00 00 43 60 05 02 64 00 74 94 56 02 00 00 02 01 00 02 10 68 74 94 56 02 00 00 68 11 04 33 32 34 33 11 16 09 16.

68 10 00 81 00 00 00 00 00 00 00 02 00 67 EA 16.

68 2D 00 4A 04 00 00 00 00 00 43 60 05 02 64 00 74 94 56 02 00 00 02 01 00 02 10 68 74 94 56 02 00 00 68 11 04 33 32 34 33 11 16 09 16.

68 10 00 81 00 00 00 00 00 00 00 02 00 67 EA 16.

68 2D 00 4A 04 00 00 00 00 00 43 60 05 02 64 00 74 94 56 02 00 00 02 01 00 02 10 68 74 94 56 02 00 00 68 11 04 33 32 34 33 11 16 09 16.

68 10 00 81 00 00 00 00 00 00 00 02 00 67 EA 16.

68 2D 00 4A 04 00 00 00 00 00 43 60 05 02 64 00 11 81 60 02 00 00 02 01 00 02 10 68 11 81 60 02 00 00 68 11 04 33 32 34 33 A5 16 C5 16.

68 10 00 81 00 00 00 00 00 00 00 02 00 67 EA 16.

68 2D 00 4A 04 00 00 00 00 00 43 60 05 02 64 00 11 81 60 02 00 00 02 01 00 02 10 68 11 81 60 02 00 00 68 11 04 33 32 34 33 A5 16 C5 16.

68 10 00 81 00 00 00 00 00 00 00 02 00 67 EA 16.

68 2D 00 4A 04 00 00 00 00 00 43 60 05 02 64 00 11 81 60 02 00 00 02 01 00 02 10 68 11 81 60 02 00 00 68 11 04 33 32 34 33 A5 16 C5 16.

68 10 00 81 00 00 00 00 00 00 00 02 00 00 83 16.

68 2D 00 4A 04 00 00 00 00 00 43 60 05 02 64 00 26 06 62 02 00 00 02 01 00 02 10 68 26 06 62 02 00 00 68 11 04 33 32 34 33 41 16 99 16.

68 41 00 81 04 00 00 00 00 00 26 06 62 02 00 00 43 60 05 02 64 00 02 01 00 02 24 68 26 06 62 02 00 00 68 91 18 33 32 34 33 5A 7C 3A 33 33 33 33 33 BC 56 37 33 77 8C 35 33 C7 98 33 33 90 16 82 16.

68 2D 00 4A 04 00 00 00 00 00 43 60 05 02 64 00 08 68 61 02 00 00 02 01 00 02 10 68 08 68 61 02 00 00 68 11 04 33 32 34 33 84 16 62 16.

68 10 00 81 00 00 00 00 00 00 00 02 00 00 83 16.

68 2D 00 4A 04 00 00 00 00 00 43 60 05 02 64 00 08 68 61 02 00 00 02 01 00 02 10 68 08 68 61 02 00 00 68 11 04 33 32 34 33 84 16 62 16.

68 41 00 81 04 00 00 00 00 00 08 68 61 02 00 00 43 60 05 02 64 00 02 01 00 02 24 68 08 68 61 02 00 00 68 91 18 33 32 34 33 33 33 33 33 33 33 33 33 33 33 33 33 33 33 33 33 33 33 33 33 14 16 CD 16.

68 2D 00 4A 04 00 00 00 00 00 43 60 05 02 64 00 64 73 61 02 00 00 02 01 00 02 10 68 64 73 61 02 00 00 68 11 04 33 32 34 33 EB 16 97 16.

68 10 00 81 00 00 00 00 00 00 00 02 00 00 83 16.

68 2D 00 4A 04 00 00 00 00 00 43 60 05 02 64 00 64 73 61 02 00 00 02 01 00 02 10 68 64 73 61 02 00 00 68 11 04 33 32 34 33 EB 16 97 16.

68 41 00 81 04 00 00 00 00 00 64 73 61 02 00 00 43 60 05 02 64 00 02 01 00 02 24 68 64 73 61 02 00 00 68 91 18 33 32 34 33 6A 76 35 33 33 33 33 33 44 BB 33 33 A4 A4 33 33 88 B6 33 33 4A 16 A0 16.

68 2D 00 4A 04 00 00 00 00 00 43 60 05 02 64 00 72 94 56 02 00 00 02 01 00 02 10 68 72 94 56 02 00 00 68 11 04 33 32 34 33 0F 16 03 16.

68 10 00 81 00 00 00 00 00 00 00 02 00 00 83 16.

68 2D 00 4A 04 00 00 00 00 00 43 60 05 02 64 00 72 94 56 02 00 00 02 01 00 02 10 68 72 94 56 02 00 00 68 11 04 33 32 34 33 0F 16 03 16.

68 41 00 81 04 00 00 00 00 00 72 94 56 02 00 00 43 60 05 02 64 00 02 01 00 02 24 68 72 94 56 02 00 00 68 91 18 33 32 34 33 9B 36 3A 33 33 33 33 33 AB 59 36 33 AC 84 35 33 44 58 34 33 B5 16 9A 16.

68 2D 00 4A 04 00 00 00 00 00 43 60 05 02 64 00 11 68 61 02 00 00 02 01 00 02 10 68 11 68 61 02 00 00 68 11 04 33 32 34 33 8D 16 7D 16.

68 10 00 81 00 00 00 00 00 00 00 02 00 00 83 16.

68 2D 00 4A 04 00 00 00 00 00 43 60 05 02 64 00 11 68 61 02 00 00 02 01 00 02 10 68 11 68 61 02 00 00 68 11 04 33 32 34 33 8D 16 7D 16.

68 10 00 81 00 00 00 00 00 00 00 02 00 00 83 16.

68 2D 00 4A 04 00 00 00 00 00 43 60 05 02 64 00 11 68 61 02 00 00 02 01 00 02 10 68 11 68 61 02 00 00 68 11 04 33 32 34 33 8D 16 7D 16.

68 41 00 81 04 00 00 00 00 00 11 68 61 02 00 00 43 60 05 02 64 00 02 01 00 02 24 68 11 68 61 02 00 00 68 91 18 33 32 34 33 8B CC 45 33 33 33 33 33 79 66 39 33 C4 54 37 33 54 77 35 33 BC 16 26 16.

68 2D 00 4A 04 00 00 00 00 00 43 60 05 02 64 00 18 56 62 02 00 00 02 01 00 02 10 68 18 56 62 02 00 00 68 11 04 33 32 34 33 83 16 5F 16.

68 10 00 81 00 00 00 00 00 00 00 02 00 00 83 16.

68 2D 00 4A 04 00 00 00 00 00 43 60 05 02 64 00 18 56 62 02 00 00 02 01 00 02 10 68 18 56 62 02 00 00 68 11 04 33 32 34 33 83 16 5F 16.

68 10 00 81 00 00 00 00 00 00 00 02 00 00 83 16.

68 2D 00 4A 04 00 00 00 00 00 43 60 05 02 64 00 18 56 62 02 00 00 02 01 00 02 10 68 18 56 62 02 00 00 68 11 04 33 32 34 33 83 16 5F 16.

68 10 00 81 00 00 00 00 00 00 00 02 00 00 83 16.

68 2D 00 4A 04 00 00 00 00 00 43 60 05 02 64 00 61 73 61 02 00 00 02 01 00 02 10 68 61 73 61 02 00 00 68 11 04 33 32 34 33 E8 16 8E 16.

68 41 00 81 04 00 00 00 00 00 61 73 61 02 00 00 43 60 05 02 64 00 02 01 00 02 24 68 61 73 61 02 00 00 68 91 18 33 32 34 33 83 43 3C 33 33 33 33 33 9A B5 36 33 CA 56 37 33 B9 36 34 33 15 16 33 16.

68 2D 00 4A 04 00 00 00 00 00 43 60 05 02 64 00 57 73 61 02 00 00 02 01 00 02 10 68 57 73 61 02 00 00 68 11 04 33 32 34 33 DE 16 70 16.

68 10 00 81 00 00 00 00 00 00 00 02 00 54 D7 16.

68 2D 00 4A 04 00 00 00 00 00 43 60 05 02 64 00 57 73 61 02 00 00 02 01 00 02 10 68 57 73 61 02 00 00 68 11 04 33 32 34 33 DE 16 70 16.

68 10 00 81 00 00 00 00 00 00 00 02 00 54 D7 16.

68 2D 00 4A 04 00 00 00 00 00 43 60 05 02 64 00 57 73 61 02 00 00 02 01 00 02 10 68 57 73 61 02 00 00 68 11 04 33 32 34 33 DE 16 70 16.

68 10 00 81 00 00 00 00 00 00 00 02 00 54 D7 16.

68 2D 00 4A 04 00 00 00 00 00 43 60 05 02 64 00 57 73 61 02 00 00 02 01 00 02 10 68 57 73 61 02 00 00 68 11 04 34 34 39 38 EB 16 8A 16.

68 10 00 81 00 00 00 00 00 00 00 02 00 54 D7 16.

68 2D 00 4A 04 00 00 00 00 00 43 60 05 02 64 00 57 73 61 02 00 00 02 01 00 02 10 68 57 73 61 02 00 00 68 11 04 34 34 39 38 EB 16 8A 16.

68 10 00 81 00 00 00 00 00 00 00 02 00 54 D7 16.

68 2D 00 4A 04 00 00 00 00 00 43 60 05 02 64 00 57 73 61 02 00 00 02 01 00 02 10 68 57 73 61 02 00 00 68 11 04 34 34 39 38 EB 16 8A 16.

68 10 00 81 00 00 00 00 00 00 00 02 00 54 D7 16.

68 2D 00 4A 04 00 00 00 00 00 43 60 05 02 64 00 56 73 61 02 00 00 02 01 00 02 10 68 56 73 61 02 00 00 68 11 04 33 32 34 33 DD 16 6D 16.

68 10 00 81 00 00 00 00 00 00 00 02 00 00 83 16.

68 2D 00 4A 04 00 00 00 00 00 43 60 05 02 64 00 56 73 61 02 00 00 02 01 00 02 10 68 56 73 61 02 00 00 68 11 04 33 32 34 33 DD 16 6D 16.

68 10 00 81 00 00 00 00 00 00 00 02 00 00 83 16.

68 2D 00 4A 04 00 00 00 00 00 43 60 05 02 64 00 56 73 61 02 00 00 02 01 00 02 10 68 56 73 61 02 00 00 68 11 04 33 32 34 33 DD 16 6D 16.

68 10 00 81 00 00 00 00 00 00 00 02 00 00 83 16.

68 2D 00 4A 04 00 00 00 00 00 43 60 05 02 64 00 56 73 61 02 00 00 02 01 00 02 10 68 56 73 61 02 00 00 68 11 04 34 34 39 38 EA 16 87 16.

68 10 00 81 00 00 00 00 00 00 00 02 00 00 83 16.

68 2D 00 4A 04 00 00 00 00 00 43 60 05 02 64 00 56 73 61 02 00 00 02 01 00 02 10 68 56 73 61 02 00 00 68 11 04 34 34 39 38 EA 16 87 16.

68 10 00 81 00 00 00 00 00 00 00 02 00 00 83 16.

68 2D 00 4A 04 00 00 00 00 00 43 60 05 02 64 00 56 73 61 02 00 00 02 01 00 02 10 68 56 73 61 02 00 00 68 11 04 34 34 39 38 EA 16 87 16.

68 10 00 81 00 00 00 00 00 00 00 02 00 00 83 16.

68 2D 00 4A 04 00 00 00 00 00 43 60 05 02 64 00 04 81 60 02 00 00 02 01 00 02 10 68 04 81 60 02 00 00 68 11 04 33 32 34 33 98 16 9E 16.

68 10 00 81 00 00 00 00 00 00 00 02 00 00 83 16.

68 2D 00 4A 04 00 00 00 00 00 43 60 05 02 64 00 04 81 60 02 00 00 02 01 00 02 10 68 04 81 60 02 00 00 68 11 04 33 32 34 33 98 16 9E 16.

68 10 00 81 00 00 00 00 00 00 00 02 00 00 83 16.

68 2D 00 4A 04 00 00 00 00 00 43 60 05 02 64 00 04 81 60 02 00 00 02 01 00 02 10 68 04 81 60 02 00 00 68 11 04 33 32 34 33 98 16 9E 16




